477 861
20 223 739 2 5
29 442 704 5 1
P 445 449
P 174 638
P 322 117
25 333 338 2 2
17 255 311 3 1
P 357 509
11 1 837 4 4
15 448 789 3 4
6 115 6 1 3
21 292 802 2 2
P 336 505
P 29 770
P 326 238
14 12 257 1 3
30 302 369 3 5
P 473 461
P 235 367
26 461 474 4 5
27 306 816 5 2
P 88 570
P 208 777
P 207 748
28 249 542 5 1
P 40 772
2 281 100 3 2
24 461 222 3 2
P 425 166
12 350 385 3 4
4 131 677 4 3
3 238 667 1 1
23 237 41 5 3
P 407 741
18 348 78 4 1
22 190 362 4 4
8 102 368 5 5
31 24 576 2 2
9 125 592 1 3
7 43 132 2 4
16 57 302 3 5
10 138 855 3 4
5 473 144 2 5
1 76 395 4 3
19 363 399 3 5
13 98 697 1 4
