977 1361
30 666 1200 7 22
P 253 1261
P 169 1035
31 253 62 21 29
24 712 380 12 1
P 865 890
29 870 835 19 30
17 967 1285 1 25
4 535 63 25 15
6 420 792 19 2
P 748 467
P 589 1080
P 283 450
1 145 939 24 28
8 193 1233 20 3
P 683 266
P 244 1129
15 550 1045 18 16
14 267 524 7 2
P 923 767
P 637 646
P 612 868
5 247 1113 13 5
P 831 1086
25 484 828 22 12
10 4 246 16 23
P 225 1092
12 840 310 23 12
2 714 1048 8 27
28 137 1256 24 8
7 101 910 18 22
P 33 675
P 890 343
20 381 1228 5 23
19 658 513 8 29
23 565 1201 22 21
27 647 627 3 1
13 100 394 21 28
16 441 1214 9 7
3 962 45 6 21
9 541 1089 16 10
11 836 808 26 21
21 268 446 6 26
26 390 812 1 25
18 503 128 4 16
22 189 1227 12 4
32 1 1 3 1200